2.00e-01 8.320182e-03
2.00e-01 3.445134e-03
2.00e-01 4.133562e-03 
2.00e-01 3.427860e-03
2.00e-01 1.870013e-03
2.00e-01 2.180900e-03
2.00e-01 1.181227e-03
2.00e-01 1.785588e-03
2.00e-01 1.826803e-03
2.00e-01 2.802667e-03
2.00e-01 4.650408e-03
2.00e-01 1.862061e-03
2.00e-01 1.654908e-03
2.00e-01 2.200758e-03
2.00e-01 2.754697e-03
5.00e-01 7.808197e-03
5.00e-01 5.962818e-03
5.00e-01 4.246812e-03
5.00e-01 4.121482e-03
5.00e-01 1.741917e-03
5.00e-01 1.199746e-03
5.00e-01 5.358384e-03
5.00e-01 4.196503e-03
5.00e-01 1.754616e-03
5.00e-01 4.180706e-04
5.00e-01 4.329015e-03
5.00e-01 4.638285e-03
5.00e-01 7.999542e-04
5.00e-01 5.451812e-03
5.00e-01 9.390570e-03
5.00e-01 7.353663e-03
5.00e-01 1.211149e-03
1.00e+00 7.854085e-03
1.00e+00 7.892027e-03
1.00e+00 6.056816e-03
1.00e+00 6.564064e-03
1.00e+00 6.051489e-03
1.00e+00 5.256582e-03
1.00e+00 8.978217e-03
1.00e+00 9.283303e-03
1.00e+00 3.521401e-03
1.00e+00 4.721045e-03
1.00e+00 2.312436e-03
1.00e+00 3.018467e-03
2.00e+00 7.181953e-03
2.00e+00 5.672321e-03
2.00e+00 8.281241e-03
2.00e+00 1.870492e-02
2.00e+00 1.036485e-02
2.00e+00 3.479232e-03
2.00e+00 3.711121e-03
2.00e+00 7.023821e-03
2.00e+00 9.159699e-03
2.00e+00 3.322147e-03
2.00e+00 3.753043e-03
1.00e-01 1.560156e-03
1.00e-01 1.440428e-03
1.00e-01 1.756344e-03
1.00e-01 2.635016e-03
1.00e-01 1.647294e-03
1.00e-01 1.845250e-03
1.00e-01 1.512203e-03
1.00e-01 1.104614e-03
1.00e-01 1.558313e-03
1.00e-01 2.603470e-03
1.00e-01 2.121334e-03
5.00e-02 3.982275e-04
5.00e-02 1.002142e-03
5.00e-02 1.998973e-03
5.00e-02 5.399095e-04
5.00e-02 1.920586e-03
5.00e-02 5.126967e-04
5.00e-02 8.993429e-04
5.00e-02 2.432261e-03
5.00e-02 1.403177e-03
5.00e-02 2.313806e-03
5.00e-02 2.733250e-03
5.00e-02 2.055106e-03
5.00e-02 1.482971e-03
5.00e-02 4.420250e-04
